[gd_scene load_steps=9 format=3 uid="uid://dgxch6p1se5oa"]

[ext_resource type="AudioStream" uid="uid://b2abt2q7b3euh" path="res://assets/music/retro_game_arcade.ogg" id="1_ebguu"]
[ext_resource type="Script" path="res://class_5.gd" id="1_itof2"]
[ext_resource type="PackedScene" uid="uid://di5s4hcinglq3" path="res://assets/vcano.blend" id="2_vy3ys"]
[ext_resource type="Texture2D" uid="uid://dk72m8ht1r83a" path="res://assets/lava.webp" id="3_8hqq3"]
[ext_resource type="Texture2D" uid="uid://uk7wntpqhsuf" path="res://assets/water.webp" id="4_obsfe"]
[ext_resource type="Script" path="res://collision_shape_3d.gd" id="5_dspim"]
[ext_resource type="Texture2D" uid="uid://y8iyar4egysj" path="res://assets/bs.webp" id="7_1vk7w"]

[sub_resource type="BoxShape3D" id="BoxShape3D_nidgl"]
size = Vector3(6.17682, 3.91724, 1)

[node name="class5" type="Node3D"]
script = ExtResource("1_itof2")

[node name="Camera3D" type="Camera3D" parent="."]
transform = Transform3D(1, 0, 0, 0, 0.875127, 0.483893, 0, -0.483893, 0.875127, 0, 8.14373, 13.0179)

[node name="Label3D" type="Label3D" parent="Camera3D"]
transform = Transform3D(1, 0, 0, 0, 1, -8.9407e-08, 0, 8.9407e-08, 1, 0, 1.93557, -3.50051)
text = "What do you need for a volcano?"

[node name="RetroGameArcade" type="AudioStreamPlayer3D" parent="."]
transform = Transform3D(1, 0, 0, 0, 1, 0, 0, 0, 1, 2, 21.8241, 24.4418)
stream = ExtResource("1_ebguu")
autoplay = true

[node name="vcano" parent="." instance=ExtResource("2_vy3ys")]
transform = Transform3D(1, 0, 0, 0, 1, 0, 0, 0, 1, 0.807122, 0, -0.980209)

[node name="OmniLight3D" type="OmniLight3D" parent="vcano"]
transform = Transform3D(1, 0, 0, 0, 1, 0, 0, 0, 1, -0.0350432, 0, 0)
omni_range = 36.0

[node name="Sprite3D" type="Sprite3D" parent="."]
transform = Transform3D(1, 0, 0, 0, 0.707107, 0.707107, 0, -0.707107, 0.707107, 6.83076, 0, -0.980209)
texture = ExtResource("4_obsfe")

[node name="Area3D" type="Area3D" parent="Sprite3D"]
script = ExtResource("5_dspim")

[node name="CollisionShape3D" type="CollisionShape3D" parent="Sprite3D/Area3D"]
transform = Transform3D(1, 0, 0, 0, 1, 0, 0, 0, 1, 0.18222, 0.0118408, 0)
shape = SubResource("BoxShape3D_nidgl")

[node name="Sprite3D3" type="Sprite3D" parent="."]
transform = Transform3D(1, 0, 0, 0, 0.707107, 0.707107, 0, -0.707107, 0.707107, -5.22792, 0, -0.980209)
texture = ExtResource("3_8hqq3")

[node name="Area3D" type="Area3D" parent="Sprite3D3"]
script = ExtResource("5_dspim")

[node name="CollisionShape3D" type="CollisionShape3D" parent="Sprite3D3/Area3D"]
transform = Transform3D(1, 0, 0, 0, 1, 0, 0, 0, 1, 0.18222, 0.0118408, 0)
shape = SubResource("BoxShape3D_nidgl")

[node name="Sprite3D2" type="Sprite3D" parent="."]
transform = Transform3D(1, 0, 0, 0, 0.707107, 0.707107, 0, -0.707107, 0.707107, 0.427428, -2.01623, 5.28605)
texture = ExtResource("7_1vk7w")

[node name="Area3D" type="Area3D" parent="Sprite3D2"]
script = ExtResource("5_dspim")

[node name="CollisionShape3D" type="CollisionShape3D" parent="Sprite3D2/Area3D"]
transform = Transform3D(1, 0, 0, 0, 1, 0, 0, 0, 1, 0.18222, 0.0118408, 0)
shape = SubResource("BoxShape3D_nidgl")
